image02_1 : 0.06227436823104693
image02_10 : 0.4836852207293666
image02_2 : 0.24558786974894353
image02_3 : 0.5887772194304858
image02_4 : 0.21713615023474175
image02_5 : 0.38744257274119454
image02_6 : 0.4643584521384929
image02_7 : 0.26738197424892707
image02_8 : 0.49419670128283444
image02_9 : 0.599601593625498
image04_1 : 0.2972166998011928
image04_10 : 0.625
image04_2 : 0.675
image04_3 : 0.3422222222222222
image04_4 : 0.44226044226044225
image04_5 : 0.3188405797101449
image04_6 : 0.16272189349112431
image04_7 : 0.8048780487804879
image04_8 : 0.24903474903474898
image04_9 : 0.2815674891146589
