image02_1 : -0.047533092659446385
image02_10 : 0.4472168905950096
image02_2 : 0.12751677852348997
image02_3 : 0.550251256281407
image02_4 : 0.20539906103286387
image02_5 : 0.38131699846860645
image02_6 : 0.43075356415478616
image02_7 : 0.148068669527897
image02_8 : 0.4379963347587049
image02_9 : 0.545816733067729
image04_1 : 0.26441351888667997
image04_10 : 0.5714285714285714
image04_2 : 0.675
image04_3 : 0.33777777777777773
image04_4 : 0.44226044226044225
image04_5 : 0.29744651483781914
image04_6 : 0.13806706114398426
image04_7 : 0.8048780487804879
image04_8 : 0.06370656370656369
image04_9 : 0.2525399129172714
